-1.313219070434570312e+00
-1.313219070434570312e+00
-1.313219070434570312e+00
-1.313219070434570312e+00
-1.313219070434570312e+00
-1.313219070434570312e+00
-1.313219070434570312e+00
-1.313219070434570312e+00
-1.313219070434570312e+00
-1.313219070434570312e+00
-1.313219070434570312e+00
-1.313219070434570312e+00
-1.313219070434570312e+00
-1.313219070434570312e+00
-1.313219070434570312e+00
-1.313219070434570312e+00
-1.313219070434570312e+00
-1.313219070434570312e+00
-1.313219070434570312e+00
-1.313219070434570312e+00
-1.313219070434570312e+00
-1.313219070434570312e+00
-1.313219070434570312e+00
-1.313219070434570312e+00
-1.313219070434570312e+00
-1.313219070434570312e+00
-1.313219070434570312e+00
-1.313219070434570312e+00
-1.313219070434570312e+00
-1.313219070434570312e+00
-1.313219070434570312e+00
-1.313219070434570312e+00
-1.313219070434570312e+00
-1.313219070434570312e+00
-1.313219070434570312e+00
-1.313219070434570312e+00
-1.313219070434570312e+00
-1.313219070434570312e+00
-1.313219070434570312e+00
-1.313219070434570312e+00
-1.313219070434570312e+00
-1.313219070434570312e+00
-1.313219070434570312e+00
-1.313219070434570312e+00
-1.313219070434570312e+00
-1.313219070434570312e+00
-1.313219070434570312e+00
-1.313219070434570312e+00
-1.313219070434570312e+00
-1.313219070434570312e+00
-1.313219070434570312e+00
-1.313219070434570312e+00
-1.313219070434570312e+00
-1.313219070434570312e+00
-1.313219070434570312e+00
-1.313219070434570312e+00
-1.313219070434570312e+00
-1.313219070434570312e+00
-1.313219070434570312e+00
-1.313219070434570312e+00
