-3.807268738746643066e-01
-3.807779848575592041e-01
-3.807819783687591553e-01
-3.807852566242218018e-01
-3.808083236217498779e-01
-3.808540999889373779e-01
-3.809162676334381104e-01
-3.809863924980163574e-01
-3.810565769672393799e-01
-3.811217546463012695e-01
-3.811791837215423584e-01
-3.812290132045745850e-01
-3.812729418277740479e-01
-3.813131153583526611e-01
-3.813519775867462158e-01
-3.813917338848114014e-01
-3.814340829849243164e-01
-3.814794719219207764e-01
-3.815282285213470459e-01
-3.815792500972747803e-01
-3.816326856613159180e-01
-3.816866278648376465e-01
-3.817406296730041504e-01
-3.817933797836303711e-01
-3.818448781967163086e-01
-3.818938136100769043e-01
-3.819403946399688721e-01
-3.819840848445892334e-01
-3.820251226425170898e-01
-3.820628225803375244e-01
-3.820981681346893311e-01
-3.821306526660919189e-01
-3.821603357791900635e-01
-3.821879327297210693e-01
-3.822129368782043457e-01
-3.822356164455413818e-01
-3.822562396526336670e-01
-3.822748064994812012e-01
-3.822910487651824951e-01
-3.823053538799285889e-01
-3.823174834251403809e-01
-3.823276758193969727e-01
-3.823356926441192627e-01
-3.823414146900177002e-01
-3.823449313640594482e-01
-3.823463618755340576e-01
-3.823453485965728760e-01
-3.823418617248535156e-01
-3.823361396789550781e-01
-3.823275864124298096e-01
-3.823166787624359131e-01
-3.823029398918151855e-01
-3.822870552539825439e-01
-3.822682201862335205e-01
-3.822468519210815430e-01
-3.822227418422698975e-01
-3.821958005428314209e-01
-3.821663260459899902e-01
-3.821343183517456055e-01
-3.820998072624206543e-01
